0000000000000000000000000
0111111111111111111111110
0111111111100011111111110
0111111110066600111111110
0111111106656566011111110
0111111096666666901110110
0111000965656565690006010
0110666666666666666665010
0106556555666555666650110
0110005101606101665501110
0111110666666666660011110
0111111066000666601111110
0111111106666666011111110
0111111110066660111111110
0111111100A8778A011111110
011111106AA8778AA01111110
0111110770A8008A601111110
0111111070A8778A011111110
0111111070660066011111110
0111111101001100111111110
0111111111111111111111110
0000000000000000000000000
